0.7766666666666666
0.07333333333333332
0.01
0.06666666666666668
0.03666666666666667
0.6866666666666666
0.016666666666666666
0.0033333333333333327
0.07333333333333332
0.21666666666666667
0.06333333333333334
0.0033333333333333327
0.57
0.12333333333333335
0.04
0.7366666666666667
0.11666666666666667
0.13333333333333333
0.4033333333333333
0.5966666666666667
0.13
0.05
0.2433333333333333
0.11333333333333333
0.24
0.36666666666666653
0.2433333333333333
0.3933333333333333
0.7933333333333333
0.08
0.06666666666666668
0.28
0.15333333333333332
0.12666666666666668
0.7266666666666667
0.06333333333333334
0.5633333333333334
0.67
0.016666666666666666
0.36
0.21666666666666667
0.6166666666666667
0.02333333333333333
0.6233333333333333
0.09333333333333334
0.4133333333333333
0.35
0.2933333333333333
0.006666666666666667
0.7233333333333334
0.7233333333333334
0.06
0.5133333333333333
0.4033333333333333
0.2533333333333333
0.14333333333333334
0.06
0.17
0.02
0.26
0.5233333333333333
0.016666666666666666
0.07
0.15
0.15
0.01
0.49
0.57
0.013333333333333334
0.11333333333333333
0.5433333333333333
0.45
0.2933333333333333
0.68
